4 5 1
2 3 1
2 -3 4
-1 4 2
3 -7 4
10 -2 4
-5 -1 3
3 9 1
-5 7 2
6 -8 4
9 8 1
-7 -5 3
-3 -5 3
-7 18 2
-19 101 2
42 -68 4
-158 -209 3
-209 197 2
134 -104 4
199 -191 4
-94 178 2
-164 49 2
105 28 1
-70 51 2
-104 88 2
66 194 1
92 -159 4
199 -209 4
-203 -92 3
-98 33 2
-96 -190 3
-181 166 2
-155 61 2
-42 -188 3
135 -63 4
-123 99 2
104 64 1
-64 -154 3
134 -203 4
-52 47 2
-185 -56 3
-207 -121 3
-33 130 2
52 -67 4
85 -6 4
-115 -205 3
-154 173 2
-1 10 2
-116 67 2
50 173 1
104 115 1
-119 -109 3
-67 -32 3
-169 0 2
-53 72 2
157 191 1
203 -161 4
1 79 1
-70 -180 3
14 167 1
-80 -29 3
52 -2 4
-123 -180 3
158 20 1
16 69 1
-156 -40 3
116 112 1
102 -146 4
206 194 1
61 201 1
-185 54 2
-172 -103 3
-32 -40 3
148 -71 4
-107 71 2
92 123 1